N=300
NP=600
nframes=101
save_stride=10
nsteps=1000
dt=1.000000000e-12
Lx=1.000000000e-02
Ly=1.000000000e-02
Lz=1.000000000e-02
Bx=0.000000000e+00
By=0.000000000e+00
Bz=1.000000000e+00
Ex=5.000000000e+02
Ey=0.000000000e+00
Ez=0.000000000e+00
temperature=1.000000000e+04
seed=12345
volume=1.000000000e-06
T_kinetic=9.726444991e+03
pressure=8.057283456e-11
