N=5000
NP=10000
nframes=501
save_stride=10
nsteps=5000
dt=1.000000000e-12
Lx=1.000000000e-02
Ly=1.000000000e-02
Lz=1.000000000e-02
Bx=0.000000000e+00
By=0.000000000e+00
Bz=1.000000000e+00
temperature=1.000000000e+04
seed=12345
volume=1.000000000e-06
T_kinetic=1.004123584e+04
pressure=1.386342196e-09
