N=1000
NP=2000
nframes=1001
save_stride=10
nsteps=10000
dt=1.000000000e-12
Lx=1.000000000e-03
Ly=1.000000000e-03
Lz=1.000000000e-03
Bx=0.000000000e+00
By=0.000000000e+00
Bz=0.000000000e+00
Ex=1.000000000e+04
Ey=0.000000000e+00
Ez=0.000000000e+00
temperature=1.000000000e+04
seed=12345
volume=1.000000000e-09
T_kinetic=1.599539452e+04
pressure=4.416856794e-07
